074288 90305
084740 13437
099541 80557
073037 63849
097067 81479
070863 34049
084860 23566
070863 34049
060023 88843
098640 93327
097067 81479
084860 23566
090211 19763
086383 91721
076369 13588
070022 16693
098597 24021
076700 46464
088761 77174
070990 05541
060027 21855
084680 22022
095188 86054
080543 69515
097009 00034
072659 11227
098145 70784
082838 67867
093160 68310
076964 44376
084270 09141
098721 24143
092164 42200
085918 50950
099137 00910
076540 00041
098788 80102
075081 49548
099880 56377
078149 68487
092160 90169
062803 54478
086998 86998
098150 13418
081469 02672
075081 49548
098721 24534
078149 68487
090410 12051
095926 82437
090410 99909
098723 46666
098721 64499
099880 56377
073474 68198
098150 13418
097797 37368
092167 76076
070878 78746
083077 10674
084274 14076
089689 76677
079018 97977
099866 01259
063664 37712
088000 13051
098861 32242
089048 84654
086605 59772
063664 37712
072086 40740
093073 63226
096110 24913
082966 66111
088843 16999
094800 37329
082968 88111
097184 99479
098370 06600
070883 49891
074288 90305
092687 10994
081265 55333
092352 53442
099270 35451
089235 18165
079021 57719
074538 36666
079021 57719
099176 72402
084496 60097
081919 12633
070192 43492
099996 50006
087503 79000
088606 08010
088606 08010
099137 00910
089205 30440
095344 43950
095603 62022
081304 33691
096673 61999
088008 40109
078889 09347
099990 09253
087430 00624
093157 63300
080100 30313
080107 66806
093157 63300
098119 30454
099990 09253
099106 09749
081840 08500
096677 99102
089299 12683
087506 76667
084484 74648
097172 29659
076830 43155
078271 80534
